-32.963671863317785;-60.685976034102175;1;1;5;2;2;4;2;4;5;99;99;99;99;99;99;13;19;25;29;35,31;-;99;99;99;99;99;2;99;2;2;1;43;52;1;2;2;1;2;99;107;4;2;2;91;-3857475029;
-32.964550879680864;-60.68702584211415;1;1;5;2;6;3;1;3;5;2;99;99;99;99;2;13;19;22;29;31,35;-;2;2;99;99;99;4;2;2;3;2;44;52;2;2;1;1;99;99;68;2;5;6;93;-2225906;
-32.964539758931316;-60.68778373042934;1;1;5;2;4;3;7;4;5;7;7;99;3;99;2;13;19;25;29;36,31,38;-;7;99;7;99;2;2;2;2;2;5;44;52;1;2;1;1;1;59;101;5;3;2;90;-4338342;
-32.9644549002964;-60.68837001667041;1;1;5;1;4;3;5;1;7;7;99;99;7;99;7;14;20;25;29;36;-;99;99;99;99;99;4;2;3;2;4;44;52;2;2;2;1;2;99;78;6;3;2;89;-4341855;
-32.96424898040247;-60.68944922427005;1;1;5;1;4;2;4;4;5;2;99;99;99;99;7;14;19;25;29;39,38;-no hay trabajo;99;99;7;99;99;4;5;5;5;4;44;49;1;1;2;1;2;99;107;6;5;1;89;-4326204;
-32.96436117983438;-60.68969745140911;1;1;5;1;3;4;4;3;8;3;99;99;4;99;99;13;19;25;29;36;-;99;99;4;99;99;3;5;5;3;5;44;52;2;2;1;1;2;99;107;5;3;5;109;-153428327;
-32.965130612364874;-60.68924198872679;1;1;5;1;5;2;7;4;8;99;99;99;7;99;99;13;19;23;29;35;-;99;99;3;7;7;2;4;2;4;6;44;47;2;2;1;1;1;99;100;6;2;5;108;-156600895;
-32.965591144608496;-60.68946873169382;1;1;5;1;3;2;7;1;5;99;99;99;99;99;99;13;19;23;29;46;-;99;99;99;99;99;3;5;3;3;6;44;49;2;2;2;2;99;99;107;6;4;2;89;-156015061;
-32.96601359483517;-60.68951472397225;1;1;5;2;3;6;2;4;5;3;5;2;2;99;7;12;18;25;29;35,38;-;99;2;99;99;2;1;1;1;4;4;44;47;1;2;2;1;1;64;107;2;5;5;109;-4239556;
-32.96650603789217;-60.68858217720458;1;1;5;1;4;3;8;1;7;7;2;2;99;99;2;13;19;23;29;31,38,37;-;7;99;99;2;2;2;3;2;3;2;44;52;2;2;2;1;2;99;68;2;2;4;90;-153219458;
-32.966510261931504;-60.68700736361898;1;1;5;1;3;5;8;4;5;4;99;99;1;99;2;13;19;23;29;38,36;-;2;99;5;5;99;6;6;2;5;6;42;52;1;1;2;1;1;59;100;6;5;1;89;-3416212870;
-32.96572835081;-60.685989367393084;1;1;5;1;6;4;8;4;7;1;99;99;99;99;99;14;19;25;29;32;-;99;99;2;99;7;6;6;5;5;2;44;49;1;2;1;1;1;60;78;1;1;5;87;-156917847;
-32.96505040046379;-60.68588695688583;1;1;5;2;4;2;5;4;5;99;99;99;99;99;99;13;19;25;29;36;-;99;99;99;99;99;2;2;2;7;6;44;47;2;2;2;1;1;59;101;6;2;1;89;-3415921148;
-32.96381717732566;-60.685476693967395;1;1;5;2;3;4;4;1;7;99;99;99;99;99;7;12;16;24;30;35,36;-;99;99;99;99;99;2;2;2;2;2;42;48;2;2;2;1;99;99;107;2;2;5;109;-156517218;
