-32.90644292590938;-60.68765579557901;1;1;8;2;4;7;7;4;9;15;7;7;2;2;2;7;2;7;-;2;25;1;26;40;53;55;61;69;75;3;4;3;1;2;77;-;2;83;87;93;95;99;110;1;120;4;4;2;4;5;126;142;149;155158885;-;
-32.90702105040471;-60.68653898908613;1;1;8;2;3;7;6;4;10;17;7;3;2;4;2;4;4;3;-;1;20,22;1;26;40;52;55;61;66;75;4;4;4;1;2;77;-;2;86;90;94;97;99;103;1;113;3;3;4;3;5;132;142;150;haylin@hotmailcom;-;
-32.9039981415913;-60.690347073843924;1;1;8;1;6;5;9;5;12;17;99;5;3;3;6;7;3;2;le tengo fe;2;25;1;28;41;48;54;60;66;75;3;2;6;2;2;77;-;2;85;89;94;98;99;108;1;118;4;4;6;4;2;125;142;150;-;no usa celular;
-32.90449835748455;-60.69376801439785;1;1;8;1;5;4;6;4;12;18;7;5;2;99;6;5;3;7;-;2;25;1;26;41;53;59;61;71;75;2;1;6;1;2;77;-;2;85;90;91;97;99;112;2;114;2;1;6;6;6;132;142;151;-;-;
-32.90636158802927;-60.69327700177661;1;1;8;1;5;7;8;4;12;18;7;2;99;7;6;6;99;2;no tiene malas intencion;1;23;1;28;41;51;57;65;69;72;4;3;6;1;2;77;-;2;86;89;94;98;102;104;1;114;4;2;6;6;1;125;140;150;-;no da voto ni telefono;
-32.9044195384291;-60.68827717372288;1;1;8;2;3;7;5;5;12;18;7;4;2;3;6;7;1;2;partido propuestas;1;24;1;34;41;51;55;63;69;75;3;3;6;1;1;152;discursivos repetidos;2;85;89;94;97;99;103;1;116;3;3;6;7;3;131;140;150;153740504;-;
-32.902492059363475;-60.68849366648895;1;1;8;2;3;6;8;5;11;18;99;99;99;7;99;7;7;99;-;1;22;1;26;40;49;55;61;67;73;3;99;5;1;2;77;-;1;85;90;94;98;99;103;2;114;3;3;6;5;6;125;142;151;3413814209;-;
-32.90007640790535;-60.68711889281018;1;1;8;1;3;5;5;5;11;18;2;5;3;2;6;5;1;2;Cristina;1;24;1;30;45,43,41;51;57;63;69;72;2;2;6;1;1;152;-;2;85;89;94;98;99;105;1;115;2;3;6;5;1;127;140;150;155878268;-;
-32.899527999296545;-60.68946539938152;1;1;8;1;1;5;3;4;10;16;7;99;99;99;99;99;7;99;-;1;21;1;26;37;49;55;61;67;73;4;3;3;2;99;77;-;1;83;87;92;96;99;104;1;114;3;3;3;2;6;125;141;149;3415856731;-;
-32.90114739962051;-60.693157118220824;1;1;8;2;2;5;2;4;12;15;99;5;6;2;6;6;99;3;partido;1;23,22,19,20,21;1;26;40;48;55;60;67;72;2;3;4;1;2;77;-;1;83;87;93;97;102;104;99;114;2;3;1;5;6;125;136;146;-;no quiere dar numero;
