-32.95534142410389;-60.65965743659971;1;2;4;1;2;4;3;4;8;7;99;99;99;99;99;13;20;26;28;35,36;robar la plata ajena;99;99;99;99;99;5;4;5;5;5;42;48;2;2;2;2;99;99;67;6;6;6;109;3414581038;
-32.94911244924337;-60.66471213256772;1;2;4;2;4;5;7;3;7;3;99;99;99;99;4;13;20;23;29;37;-;7;4;99;99;99;4;3;3;4;4;42;53;2;2;99;2;99;99;78,77;3;7;4;109;3414255394;
-32.94425473941833;-60.66569159699502;1;2;4;2;1;4;3;3;8;6;4;3;7;4;3;13;20;26;29;35,36,37,38;-;3;7;7;7;7;4;4;6;6;6;45;53;99;2;2;1;1;63,59;104;5;5;4;95;3414594390;
-32.94739652213264;-60.66249335757589;1;2;4;1;4;7;6;3;8;6;7;3;3;7;3;13;20;22;29;39,38,37,36;falta de honestidad a la hora de gestionar;3;5;7;3;99;5;5;5;6;6;43;49;1;1;2;1;1;63,62,59;107;6;6;4;109;3414385605;
-32.94904363489205;-60.657438015463406;1;2;4;1;1;4;3;2;6;99;99;99;99;99;99;10;16;22;28;39;la política no sirve;99;99;99;99;99;99;99;99;99;99;41;48;99;99;99;99;99;99;106,67;6;6;6;97;3414590929;
-32.944258406832596;-60.65997565624685;1;2;4;2;2;5;2;3;7;3;99;99;3;7;3;13;20;25;29;35,36;-;3;5;5;99;99;5;5;5;5;6;43;52;2;2;2;2;99;99;107;5;5;5;109;-;
-32.93857856766111;-60.66204732771041;1;2;4;1;6;6;1;4;5;6;99;2;2;5;3;13;19;25;29;38,37,36,35;-;3;4;5;7;99;4;3;5;5;6;41;53;2;2;2;1;1;59,63;105,107;6;6;5;109;3414308432;
-32.93870227636331;-60.66194401705373;1;2;4;2;6;7;1;1;7;2;99;99;99;99;99;12;18;23;27;38;-;99;99;99;99;99;4;4;4;4;3;42;53;2;2;99;1;1;65,63,62,61,60;78,77;3;5;5;109;3414351748;
-32.93388383600464;-60.65924490287599;1;2;4;1;5;4;8;2;6;99;2;99;7;6;99;13;19;25;29;37;-;99;5;5;99;99;6;4;5;4;5;42;53;99;99;99;99;99;99;75;5;2;5;92;3414567904;
-32.939879531554084;-60.65509748652492;1;2;4;1;4;5;7;3;6;7;99;7;7;5;3;13;19;25;29;31,32,38,37,36,35;-;3;7;7;7;99;4;4;4;5;6;43;52;99;99;99;2;1;59,63;67;5;5;5;109;3414398037;
-32.93646593926875;-60.65512342903008;1;2;4;2;4;6;4;3;8;6;6;2;2;5;7;14;20;23;29;31,32,33,34,35,36,37,38;-;7;7;5;5;99;6;6;6;6;6;45;53;1;1;2;1;1;63,62,60,59;104,79;6;6;6;95;3414393956;
-32.93326294651923;-60.66319865220024;1;2;4;2;5;5;9;2;6;99;99;99;99;99;99;10;16;22;28;46;-;99;99;99;99;99;5;5;5;5;6;41;48;99;99;99;99;99;99;107;6;99;7;109;3414387663;
-32.93470713937609;-60.64949418005001;1;2;1;2;4;5;8;4;8;7;99;7;99;5;7;13;19;25;29;35,36,37;-;7;5;3;7;7;6;5;5;5;6;43;53;1;1;99;1;1;59;76;5;5;5;109;3414853395;
-32.93932135713836;-60.64415163615039;1;2;1;2;1;4;3;4;6;7;7;7;7;7;7;13;19;25;28;46;-;7;7;7;7;7;5;5;99;99;99;41;48;2;2;99;2;99;99;107;6;6;6;109;-;
-32.94004218691436;-60.64848190597213;1;2;1;1;6;2;1;1;7;2;7;3;7;99;99;13;19;25;29;38;-;7;7;7;2;99;2;2;3;2;4;43;53;99;99;99;2;2;99;107;5;5;5;94;3414585056;
-32.94374639828862;-60.65461478506856;1;2;1;1;1;4;3;4;6;5;7;1;5;6;5;13;19;25;29;36,35,38,37;-;7;5;5;5;7;4;4;4;4;5;41;48;1;1;2;1;1;63,61,59;79;5;5;4;88;341354104;
-32.94936387676766;-60.65110214161605;1;2;1;2;1;4;3;4;8;99;7;7;7;7;7;13;20;26;29;46;-;7;7;7;7;99;4;3;3;3;6;43;53;99;99;99;2;99;99;106,67;5;5;5;97;3414474093;
