-32.928458375432406;-60.67566137074097;1;1;7;2;3;6;2;5;12;17;2;7;99;2;5;3;99;2;anses;1;22;1;26;37;48;59;60;67;75;3;4;3;1;2;77;-;99;85;89;91;95;99;108;2;114;4;3;6;4;1;127;140;150;3413051853;33 35 43 nsnc xq no es necesaria;
-32.92615375682474;-60.68653479263605;1;1;7;1;4;5;7;5;10;17;6;3;5;2;3;6;99;4;-;1;21;1;33;42;48;54;60;69;75;4;3;6;1;2;77;-;99;86;90;94;95;99;111;1;121;5;3;6;2;6;124;143;150;3415702753;33 35 nsnc xq no son necesarias;
-32.9236757180734;-60.68624204676877;1;1;7;1;5;3;5;4;11;16;7;7;7;1;7;7;7;1;por nada en especial;1;23;1;26;37;48;54;63;69;72;1;1;6;1;2;77;-;99;85;89;91;97;99;105;1;115;1;1;6;4;1;127;136;151;no tiene;33 35 ns nc xq no es necesario;
-32.92316437577219;-60.68194943733374;1;1;7;2;4;6;2;5;9;15;2;3;1;2;2;2;3;4;no gusto debate;2;25;1;26;37;50;56;60;71;72;2;4;2;1;1;78;humildad;1;86;90;94;98;99;110;1;114;3;3;2;3;4;124;139;149;4399115;19 nsnc xq no es necesario;
-32.92658316079141;-60.67388501662293;1;1;7;2;5;5;8;5;11;17;7;2;7;4;6;3;7;2;propuestas;1;20,21;1;28;41;51;57;63;69;75;2;3;6;1;2;77;-;99;86;89;94;95;99;104;1;114;3;3;6;5;2;127;140;150;no quiso;33 35 nsnc xq no es necesario;
-32.92268246909815;-60.677936741913555;1;1;7;2;5;5;1;4;10;16;99;7;7;3;4;5;99;3;anses;1;19;1;32;44;51;59;65;69;74;4;4;5;1;2;77;-;99;85;89;93;95;102;104;1;115;4;3;5;4;2;127;140;150;4300147;33 35 41 nsnc xq no es necesario;
-32.92039724891161;-60.682939526244226;1;1;7;1;3;7;6;4;11;18;7;7;3;6;6;5;2;5;-;1;22;1;36;42,41;48;59;60;69;75;4;5;6;1;1;81;preparacion;2;86;89;94;95;102;104;1;113;6;6;6;5;5;132;143;151;3462312868;41 nsnc xq no es necesario es de afuera pero vive en el barrio;
-32.91556719825755;-60.68674764805181;1;1;7;1;4;7;8;4;11;18;7;2;7;2;5;5;7;2;-;1;20;1;26;41;51;57;63;69;75;2;2;5;1;2;77;-;99;85;89;93;97;99;105;1;115;2;2;5;5;2;131;136;150;4397919;33 35 nsnc xq no es necesario;
-32.91391775013201;-60.67995920790528;1;1;7;2;2;6;7;3;9;15;99;2;3;3;1;5;3;3;-;1;20,22;1;31;40;53;56;62;66;75;3;5;2;1;2;77;-;99;83;87;94;95;99;111;1;121;4;4;2;3;5;126;139;149;3416465625;33 35 nsnc xq no es necesario;
-32.91480240587675;-60.673589654026664;1;1;7;1;2;7;7;5;11;17;4;4;2;3;5;5;3;3;propuestas;1;22,20;1;36;41;51;59;63;69;75;4;4;6;1;2;77;-;99;85;89;94;95;99;103;1;113;4;4;6;4;3;132;143;150;3415476549;33 35 ns nc xq no son necesarias;
-32.91047987301656;-60.683127491446264;1;1;7;1;2;6;3;5;11;17;5;4;2;3;5;5;3;3;por nada especial;1;20;1;34;45,41;48;59;60;69;72;3;4;6;1;1;152;no me convencieron en sus propuestas parece arreglado;2;86;90;94;95;99;103;1;113;4;4;6;5;3;131;143;150;3416173300;-;
-32.91021135272105;-60.67788031367993;1;1;7;1;5;3;8;4;11;16;99;99;99;7;7;4;99;3;-;2;25;1;26;37;51;59;65;69;75;5;4;5;1;2;77;-;99;86;90;94;98;99;108;2;114;4;4;5;5;6;131;139;149;3413462348;19  33 35 43 nsnc xq no es necesario;
