-32.94806214470624;-60.630498302471814;1;3;1;2;6;7;1;4;8;99;99;99;99;99;99;12;19;25;29;34,32,36;-;99;99;99;99;99;99;99;2;2;3;43;47;2;2;2;1;1;65;107;3;5;3;109;152026729;
-32.9517519415981;-60.630742057588584;1;3;1;2;2;6;3;4;5;5;99;99;2;99;2;13;20;24;29;36,31,37;-;2;7;2;99;99;2;2;2;2;6;44;52;2;2;2;1;1;59;102,100,101;6;5;2;109;156657953;
-32.95817639981168;-60.62281027482615;1;3;1;2;3;6;7;2;5;7;99;99;99;99;7;14;18;24;29;34,35,37;-;7;99;99;99;7;6;6;6;6;2;44;50;1;2;2;1;1;61;107;2;2;6;109;156114040;
-32.958580036794295;-60.625044136140254;1;3;1;1;4;5;6;4;8;2;2;7;5;7;7;13;19;25;29;31,37,38;-;5;7;7;7;7;6;6;4;5;5;42;47;1;2;2;1;1;60;78;4;6;4;109;152273153;
-32.957217757852504;-60.6275409933625;1;3;1;2;5;7;7;4;5;5;3;2;1;99;1;12;19;26;29;37,36,31;-;4;2;4;2;5;6;3;5;3;6;42;49;1;1;2;1;1;59;101;6;5;1;89;4498411;
-32.94697121262452;-60.630067545675296;1;3;1;1;2;4;5;3;5;99;99;99;2;99;99;12;18;25;30;35,34,32;-;1;99;99;99;99;1;6;1;3;5;44;52;2;2;2;1;2;99;107;6;1;1;109;153631835;
-32.940414198636006;-60.63439798059272;1;3;1;1;4;7;8;4;8;99;99;99;99;99;99;13;19;25;29;35,36,34;-;99;99;99;99;99;99;99;4;5;5;42;49;1;1;1;99;99;99;107;99;99;99;109;3413487398;
-32.93881026242615;-60.63659500484973;1;3;1;1;2;5;8;4;8;5;3;5;2;5;2;13;19;25;29;36,31,37;-;99;99;5;5;2;2;2;2;2;5;43;52;2;2;99;1;1;59;107;6;5;2;109;3416046920;
-32.944477623131405;-60.63529253540287;1;3;1;1;2;6;5;1;8;5;99;99;99;99;2;12;19;23;30;35,36;-;99;99;2;99;99;3;4;2;2;5;42;47;1;2;99;1;2;99;107;3;3;4;109;155452016;
-32.94707542383999;-60.63316723572754;1;3;1;1;3;6;7;3;5;5;5;99;5;99;5;12;17;24;30;32,31,35;-;5;5;5;99;5;5;5;5;5;2;42;52;99;99;1;1;2;99;107;2;2;5;109;156753283;
-32.9499195776372;-60.642527163493185;1;3;1;1;6;4;7;3;8;2;2;99;1;99;2;13;19;25;29;35,37,31;-;2;2;7;7;7;5;2;5;4;5;44;49;99;1;2;1;1;65;103;5;5;2;109;156216800;
-32.96010304145113;-60.62268182141993;1;3;1;1;3;6;8;4;8;99;99;99;99;99;99;12;16;23;29;33,34,37;-;99;99;99;99;99;7;7;2;99;3;43;53;2;2;99;1;99;99;107;3;7;3;97;155899877;
-32.95528613235244;-60.62477748128204;1;3;1;2;3;5;8;2;5;3;99;99;99;99;99;12;18;23;29;34,38,35;-;99;99;99;99;99;3;2;2;2;4;44;50;2;2;99;1;99;99;67;7;2;6;97;3413410255;
-32.95180774961782;-60.62891678361433;1;3;1;1;5;6;8;1;7;2;99;99;7;99;3;12;18;21;30;34,33,32;-;7;2;7;7;7;4;2;3;2;2;40;47;2;2;2;1;1;61;78,77;1;5;6;109;154693828;
-32.951720743270165;-60.62869642365717;1;3;1;1;4;7;7;4;5;4;99;99;2;99;2;13;19;25;29;46;-;2;99;6;99;99;2;2;2;2;5;44;49;1;2;2;1;1;63,59;107;5;4;4;109;3364516655;
-32.947805425685004;-60.63106226346887;1;3;1;2;2;6;5;3;5;5;99;99;7;99;99;13;19;24;29;36,31,38;-;99;99;7;99;99;5;5;4;99;6;43;52;2;2;2;2;1;59;107;6;4;3;109;156294980;
-32.94987593238771;-60.64306036893973;1;3;1;2;2;5;7;4;7;7;7;99;7;99;99;13;19;24;29;35,34,31;-;7;7;7;99;7;4;3;3;3;4;43;49;1;2;2;1;2;99;107;4;3;4;109;152277793;
