-32.95956238366427;-60.687736286608995;1;6;10;2;3;3;2;4;8;99;99;99;99;99;7;13;19;24;29;36;-;99;99;99;99;99;2;2;4;4;6;43;47;2;2;2;1;1;59;101;6;7;1;109;-152425928;
-32.9592706399216;-60.688497551426615;1;6;10;1;4;6;7;1;7;7;99;99;99;99;99;12;17;23;29;36;-;99;99;99;99;99;2;2;2;2;4;44;47;2;1;2;1;1;63;107;4;7;2;109;-4316579;
-32.95904477380401;-60.69015362360378;1;6;10;1;3;4;5;3;8;7;7;7;7;99;7;11;19;22;29;36;-;7;99;99;99;7;4;4;4;4;6;44;47;99;99;99;1;2;99;107;6;3;2;89;-;
-32.958845246827124;-60.69100944330779;1;6;10;2;5;7;6;4;7;2;99;99;7;99;2;12;18;23;29;35,31;-;99;7;99;99;99;2;2;3;3;3;43;52;1;1;2;1;1;61;107;2;3;6;87;-;
-32.95944373003474;-60.69131287023464;1;6;10;2;2;5;2;4;5;7;99;99;99;99;99;12;19;25;29;36;-;99;99;99;99;99;7;7;2;2;6;44;47;2;2;2;1;1;59;107;6;7;7;109;-4321797;
-32.95975078234633;-60.69065431109613;1;6;10;2;4;4;2;3;8;6;99;5;99;99;2;13;19;26;29;36;-;99;99;99;7;7;4;4;4;3;6;44;47;2;99;99;1;1;59;101;6;7;1;89;-155144324;
-32.959737039292655;-60.69004817182981;1;6;10;1;6;2;1;3;8;99;99;7;2;99;2;12;18;21;30;33;-;1;2;7;2;2;1;1;2;2;2;42;49;1;1;1;1;1;61,62;68;3;6;6;94;-432598789;
-32.95973991911025;-60.69000596663544;1;6;10;1;2;6;4;3;8;7;99;99;99;99;3;13;18;24;29;38;-;99;99;99;99;99;4;4;4;4;3;44;47;2;2;2;1;2;99;104;3;2;4;109;-;
-32.95945939982138;-60.69036558929465;1;6;10;2;4;5;2;3;8;7;99;99;99;99;7;13;19;22;29;36;-;99;7;99;99;99;2;2;2;2;5;44;47;2;2;1;1;2;99;107;6;7;1;109;-156671984;
-32.95993709083566;-60.68746455913591;1;6;10;1;5;5;8;3;8;99;99;99;99;99;99;14;20;26;29;36,31;-;99;99;99;99;99;4;4;4;4;6;43;47;99;99;99;1;1;59;67;5;2;6;97;-155594408;
-32.96065894872332;-60.68799169671179;1;6;10;1;3;5;7;3;8;3;99;3;7;99;3;12;19;24;29;32,33;-;99;99;99;99;7;3;3;2;2;5;45;47;1;2;2;1;1;65,64;103;4;4;2;95;-4;
-32.96072086716067;-60.68523493572615;1;6;10;2;6;7;1;1;5;7;99;99;99;99;7;12;18;23;27;35,31;-;2;99;99;99;99;2;5;3;4;2;42;48;1;2;2;1;1;61;68;2;2;6;87;-;
-32.96008113264974;-60.68624508523205;1;6;10;2;5;4;1;4;5;99;99;99;99;99;99;12;18;24;30;35,36;-;99;99;99;99;99;2;2;2;2;4;43;47;2;2;2;1;2;99;107;4;7;4;109;-155029935;
