-32.91506419939974;-60.687845987922316;1;7;7;1;2;4;7;4;5;99;99;99;99;99;7;13;19;25;29;36;-;7;99;99;99;99;7;7;3;3;5;43;47;2;2;2;1;99;99;107;5;7;3;109;-;
-32.9153322769244;-60.68651983987191;1;7;7;1;4;5;8;3;5;6;4;99;4;5;1;13;20;25;29;,39,36;-;5;5;5;99;5;5;5;5;5;6;43;51;1;1;2;1;1;59;101;6;6;1;89;-;
-32.92793609310154;-60.68012503177009;1;7;7;1;2;7;7;3;5;99;99;99;7;99;7;11;19;25;30;36,32;-;99;99;99;99;7;5;5;6;6;6;42;52;2;2;2;1;1;60;105;6;2;6;95;-155781967;
-32.92835872957238;-60.681724504229585;1;7;7;1;6;5;1;4;5;7;7;99;7;7;7;13;20;24;29;36,35;-;2;7;7;7;2;3;2;3;3;5;43;47;1;1;2;1;1;59;107;6;2;4;89;-4375642;
-32.92879993009264;-60.683975640839634;1;7;7;2;5;4;2;1;5;7;7;99;7;99;7;13;19;25;29;36,35;-;7;99;7;99;7;6;5;6;6;4;44;49;1;2;2;1;99;99;67;3;5;5;97;-;
-32.92759472604833;-60.68481681148188;1;7;7;2;3;7;8;3;5;3;99;99;3;99;3;12;19;24;30;35;-;7;99;7;99;7;3;3;3;3;3;43;51;1;2;2;1;1;63;77;2;3;5;90;-;
-32.92694972046347;-60.68118026721328;1;7;7;2;2;7;7;4;5;2;99;99;2;99;2;11;19;24;30;31;-;2;99;2;99;99;5;5;5;5;3;40;48;2;2;2;1;1;60;68;5;5;3;109;3416645746;
-32.926556754317645;-60.67521539767658;1;7;7;1;5;7;8;3;5;2;99;99;2;99;3;11;20;25;29;36,35,34;-;2;99;2;99;99;2;2;2;3;6;44;49;1;1;2;1;2;99;67;3;1;6;97;-3416940518;
-32.92497350416144;-60.667460911626236;1;7;7;2;5;7;7;4;7;7;7;99;99;99;7;11;18;24;27;36;-;99;99;99;99;99;1;1;1;1;5;40;53;1;1;1;1;2;99;107;5;3;3;109;-;
-32.92481933611481;-60.66771174597231;1;7;7;2;3;7;6;4;5;6;5;99;2;7;2;14;20;26;30;36;-;4;3;7;2;4;5;5;5;5;6;43;47;1;1;2;1;1;59;107;6;6;1;109;-;
-32.92365860091146;-60.66747874867074;1;7;7;1;4;6;8;1;5;4;3;7;7;99;3;13;19;25;29;31,38,36;-;7;7;7;99;7;3;3;3;4;6;44;49;1;1;2;1;1;59;107;6;5;5;109;-4706123;