-32.914314502589264;-60.67791832958593;1;7;7;1;3;6;7;4;7;4;99;99;99;99;7;12;18;24;29;31,35,37;-;99;7;99;99;99;3;3;4;4;3;43;49;2;2;1;1;2;99;107;3;3;5;109;-j;
-32.913941262956975;-60.678911821128615;1;7;7;1;5;7;7;3;5;6;6;6;6;6;6;13;20;26;29;38,37,35;-;6;6;6;6;6;6;6;6;6;6;43;52;2;1;1;1;2;99;107;6;6;6;109;153150215;
-32.91457889258952;-60.67916279030213;1;7;7;2;6;5;1;4;5;3;1;2;2;2;2;13;19;24;29;37;-;2;1;1;2;2;2;2;2;2;5;44;49;1;2;2;1;1;59;76,75,69;6;2;2;87;-156890917;
-32.91520299605568;-60.67890557667869;1;7;7;1;5;5;8;1;5;99;99;99;7;99;7;11;17;23;30;35;-;99;99;99;99;99;2;2;2;2;2;43;49;1;1;2;1;2;99;78,77;2;2;6;88;-;
-32.91508526213487;-60.67787774468458;1;7;7;1;3;5;7;1;5;2;99;99;7;99;2;12;18;24;27;46;-;2;7;99;99;7;7;7;2;2;2;42;48;2;1;99;1;2;99;107;2;2;2;109;-3101623;
-32.91484288877323;-60.67803524801883;1;7;7;1;2;5;7;3;5;5;99;99;99;99;7;13;19;25;29;46;-;3;99;99;99;2;3;3;2;4;6;43;49;2;2;99;1;1;59;104;6;4;1;89;-3214542;
-32.91554399180803;-60.6778602994023;1;7;7;2;5;7;7;4;5;1;99;99;7;99;7;12;18;24;27;33,36,31,32;-;99;7;7;7;3;1;1;1;1;2;40;48;1;1;2;1;1;61;79;2;2;6;96;-4303020;
-32.916070029014264;-60.68190573397027;1;7;7;2;2;5;7;3;5;99;99;99;99;99;99;13;20;25;29;36,35;-;7;7;7;7;7;6;6;6;6;6;43;49;1;1;99;1;99;99;67;6;7;6;97;-156936865;
-32.91662442210034;-60.68622917154539;1;7;7;2;3;6;8;4;5;4;99;99;2;99;3;13;19;26;29;36,37,31;-;7;7;7;99;99;7;7;4;4;5;43;49;2;2;2;1;1;59;104;6;5;2;89;-155520148;
-32.915426365377655;-60.68682418089385;1;7;7;2;4;5;7;3;5;7;7;99;7;7;7;14;20;25;29;37,36;-;7;7;7;99;7;7;7;3;3;6;44;50;2;2;2;1;1;59;107;6;5;2;109;-4381601;
-32.91506419939974;-60.687845987922316;1;7;7;1;2;4;7;4;5;99;99;99;99;99;7;13;19;25;29;36;-;7;99;99;99;99;7;7;3;3;5;43;47;2;2;2;1;99;99;107;5;7;3;109;-;
-32.9153322769244;-60.68651983987191;1;7;7;1;4;5;8;3;5;6;4;99;4;5;1;13;20;25;29;,39,36;-;5;5;5;99;5;5;5;5;5;6;43;51;1;1;2;1;1;59;101;6;6;1;89;-;