-32.99776005759053;-60.649427608759424;1;1;3;1;6;6;1;4;10;15;99;7;3;3;2;4;99;2;es choerente;1;20;1;31;42,40;50;56;62;69;72;4;4;4;1;2;80;joven;2;83;87;93;95;99;110;1;120;4;4;4;5;6;124;139;149;4636493;-;
-32.99902797665409;-60.647403111245595;1;1;3;1;1;4;3;6;12;16;99;99;99;7;7;7;99;7;-;1;20;1;26;40;50;57;62;67;75;5;4;2;1;2;81;-;1;83;89;93;95;102;110;1;120;4;6;5;3;5;127;136;147;-3415710780;-;
-32.998458743703196;-60.64280707080631;1;1;3;2;2;4;3;5;11;15;99;99;99;99;7;99;99;2;por ideologia;1;20;1;32;41;51;56;65;71;75;4;4;6;1;2;81;-;2;85;89;91;97;99;105;2;115;4;4;6;3;3;127;140;150;-;-;
-32.99922204858732;-60.648219222498675;1;1;3;2;3;3;8;5;11;15;99;7;99;99;4;99;99;2;por lo que transmite;1;20;1;26;37;51;57;63;69;74;3;3;3;1;2;81;por lo que transmite;1;83;89;91;97;99;105;1;115;5;5;6;7;1;126;140;150;3417236117;-;
-33.00057850568702;-60.64719452643845;1;1;3;1;4;5;8;6;12;17;99;7;7;5;6;4;7;2;es coherente;1;20;1;30;43,39,41;51;57;63;69;75;5;5;6;1;1;81;-;1;86;89;91;95;99;105;1;115;6;6;6;4;1;127;140;150;153801007;-;
-33.00087166500616;-60.64912184935739;1;1;3;2;4;7;7;3;9;15;2;99;7;2;2;7;99;7;-;1;20;1;31;39,40;50;56;62;69;75;4;4;2;1;2;80;-;1;83;87;93;95;99;110;1;120;5;4;1;4;6;126;139;149;156140575;-;
-33.00322984507094;-60.64948359772396;1;1;3;2;2;6;7;5;11;16;99;7;7;7;7;7;99;99;-;1;20;1;31;40;48;54;60;69;75;2;2;2;2;2;79;-;1;83;87;93;95;99;104;1;120;2;4;1;4;6;124;139;149;341155635326;-;
-33.005056856587295;-60.65006352151747;1;1;3;1;1;4;3;3;9;15;99;2;99;99;99;99;99;99;-;1;20;2;29;42;49;57;63;67;72;1;1;1;2;2;77;-;1;83;87;91;97;102;110;1;120;2;6;1;2;2;126;136;146;155075473;-;
-33.007168921494575;-60.65174968621136;1;1;3;1;4;7;8;3;9;15;99;2;2;5;5;6;5;1;las propuestas;2;22;1;30;45,44,43,41,39;51;57;63;69;74;5;4;4;1;2;81;-;1;85;89;93;95;102;105;1;115;2;5;6;5;1;127;140;150;-;-;
-33.0029945459538;-60.65076128369654;1;1;3;1;2;5;7;3;11;16;99;99;2;2;2;99;7;99;-;1;22;1;26;42,45,44,39,40;50;54;60;69;72;2;2;2;1;2;80;-;1;83;87;91;97;99;110;1;120;2;3;2;2;5;126;139;149;-;-;
-33.00300677603483;-60.64492191535451;1;1;3;1;5;4;4;6;11;15;5;6;3;7;7;5;99;4;-;1;20,21;1;26;43,41,40;49;55;61;69;75;4;5;4;2;2;152;-;2;85;89;93;95;99;110;2;120;5;5;4;4;5;126;139;149;-;-;
-33.00212931196404;-60.64029260631682;1;1;3;2;4;7;9;4;10;17;7;7;7;6;1;6;99;6;por ideología;1;19;1;26;37;50;59;62;69;75;5;5;5;1;1;152;-;2;86;90;94;98;101;104;2;114;5;4;4;6;6;135;145;151;-;-;
-33.002400995640166;-60.63499803237874;1;1;3;1;4;4;7;6;10;17;4;1;99;2;6;6;7;2;buena persona;1;20;1;31;45,40;51;57;63;67;75;6;5;5;1;1;81;-;1;83;87;93;95;99;110;1;120;6;6;2;3;5;126;140;150;3413208524;-;
-33.00573226288488;-60.63628548321753;1;1;3;1;3;5;7;5;12;17;99;2;1;2;5;7;99;2;ideología;1;20;1;30;43,41;51;57;63;69;75;4;4;6;1;2;78;esta en contacto con la gente ;2;85;89;93;95;99;103;1;113;7;7;6;3;1;127;140;150;156530980;-;
-33.00643961548263;-60.6356961943036;1;1;3;2;2;5;7;4;11;16;99;7;99;7;99;7;99;7;-;1;20;1;30;43,41;49;55;61;67;75;4;4;5;2;2;77;-;2;85;89;91;97;102;104;2;114;2;2;5;5;2;128;139;150;4623794;-;
-33.00489250728055;-60.63633446468826;1;1;3;2;2;7;7;3;10;15;99;99;99;7;99;2;99;99;-;2;20;1;26;47;48;54;60;67;72;2;2;2;2;2;77;-;2;83;87;91;97;99;110;2;114;2;2;4;5;3;128;136;149;-;-;
-33.00308195233067;-60.63671839956727;1;1;3;2;4;7;6;5;11;18;3;7;2;2;3;4;99;2;-;1;20;1;26;42,40;48;56;63;66;72;4;3;3;1;1;152;-;2;85;89;91;95;99;112;2;114;2;2;4;4;6;131;139;149;-;-;
-33.00151301481849;-60.63819433228155;1;1;3;2;6;7;6;4;9;15;7;5;99;3;99;4;7;2;coherente;2;20;1;26;45,44,40;48;55;60;71;72;2;3;3;1;2;79;-;2;83;87;91;97;99;110;1;120;2;3;3;5;5;126;139;149;152778605;anita martinez;
-33.000051150184326;-60.63605189814517;1;1;3;2;4;5;6;6;11;15;7;7;2;2;7;2;7;3;ideología;1;21,20;1;26;44,41;48;54;60;69;72;2;3;4;1;2;77;-;2;85;89;91;97;99;103;1;113;2;3;4;5;3;132;140;150;-;-;
-33.00169021857497;-60.644137021040144;1;1;3;2;6;4;7;4;11;16;4;99;99;7;7;3;99;99;-;1;20;1;31;42,40;49;55;61;67;72;2;2;3;2;2;77;-;2;83;87;93;95;102;104;2;114;3;3;2;4;5;125;139;149;-;-;
-33.0022523373625;-60.647562281499916;1;1;3;1;4;5;8;5;11;15;99;7;99;3;4;7;99;3;-;1;20;1;32;45;49;57;63;69;75;4;3;4;2;2;77;-;2;85;89;93;95;99;105;1;115;4;4;5;3;2;127;140;150;-;-;
-32.99868379781422;-60.64017725941764;1;1;3;2;3;7;8;4;10;15;5;2;5;6;1;5;5;5;por ideología;1;21;1;31;44,39,40;50;56;62;69;74;6;6;2;1;2;80;-;2;83;87;93;95;102;110;1;120;6;6;1;6;6;126;139;149;4636704;-;
