-32.94214885081831;-60.702412421947606;1;8;9;1;6;5;1;3;5;4;99;99;99;99;3;13;19;25;29;36,35,32,31;-;99;99;99;99;99;6;4;5;4;5;43;50;2;2;2;2;2;99;101;5;5;5;109;-;
-32.94177032082679;-60.70201674523085;1;8;9;2;6;3;1;3;5;3;99;99;99;99;2;13;19;25;29;36,35,31;-;7;99;99;7;2;3;2;3;3;5;42;50;2;2;2;1;1;63,59;101;5;2;2;90;-;
-32.942734166481515;-60.70221522586283;1;8;9;1;5;6;6;4;5;5;99;2;99;99;3;12;19;25;30;31,36;-;7;99;99;99;99;4;4;4;5;6;42;52;2;2;2;1;1;59;79;6;6;1;96;-;
-32.940467781774096;-60.70584759684689;1;8;9;2;3;5;7;4;5;3;99;99;99;99;3;13;19;25;29;32,36,35,31;-;2;99;99;99;99;3;2;3;3;4;42;52;2;2;2;1;2;99;68;4;3;4;109;-;
-32.94035690062198;-60.70602968088723;1;8;9;1;2;5;5;4;5;4;99;3;3;99;3;11;18;24;30;36,35,31,32;-;3;3;7;99;7;3;3;3;3;2;42;52;1;1;1;1;2;99;68;3;7;4;87;-;
-32.940246567421056;-60.70646288569481;1;8;9;2;2;4;7;3;5;6;7;99;4;99;2;13;20;26;29;37,36,31;-;5;7;99;7;5;6;5;5;5;6;43;52;1;2;2;1;1;59;101;6;5;1;89;-;
-32.940199109982814;-60.71145079228525;1;8;9;2;4;7;6;3;7;2;2;99;5;2;2;12;18;23;30;35,33,34,31,32;-;5;3;2;5;7;6;5;5;5;2;40;52;1;1;1;1;1;61,60;77;1;5;6;88;-;
-32.9409976000462;-60.71158107833841;1;8;9;1;2;5;5;4;5;2;99;99;99;99;4;11;18;24;27;36,35;-;2;99;99;2;99;3;1;2;1;4;40;50;2;2;1;2;2;99;68;4;7;4;94;-;
-32.9409170054848;-60.710304488872985;1;8;9;1;5;4;7;3;5;3;99;99;99;99;3;13;20;24;29;35,36,31;-;3;99;99;99;99;4;3;5;4;5;42;50;1;2;2;2;2;99;107;4;2;5;109;-;
-32.94069093733054;-60.71047585372061;1;8;9;2;2;6;3;3;5;5;2;7;3;99;3;13;19;25;29;38,37,32,36,35,31;-;1;1;2;2;3;2;1;2;2;5;42;52;1;2;2;1;2;99;68;5;3;4;93;-;
-32.92821922258291;-60.71186827270168;1;8;9;1;2;7;7;4;5;4;7;3;2;7;3;13;19;25;29;38,37,36,35,34;-;3;2;3;2;1;4;4;4;4;6;42;52;1;2;2;1;1;59;100;5;4;2;90;-;
-32.928497818610595;-60.71271081745803;1;8;9;2;3;5;6;3;8;5;99;99;99;99;1;13;20;26;29;37,36,31;-;4;7;99;99;99;5;4;4;4;6;43;50;2;2;1;1;2;59;101;6;5;1;89;-;
-32.92852166821068;-60.71231850740334;1;8;9;1;4;2;5;3;8;7;99;99;99;99;7;14;20;26;29;35,36;-;99;99;99;99;99;2;7;2;3;6;43;49;2;2;2;2;2;99;107;4;5;2;109;-;
-32.92794356409585;-60.71523816930236;1;8;9;2;5;5;2;3;8;2;2;99;99;99;5;12;19;24;30;31,32,35;-;4;2;99;99;2;6;5;5;5;3;43;52;1;1;2;1;1;61,60;78;2;3;6;87;-;
-32.9206242134479;-60.70377791690109;1;8;9;1;4;4;4;3;8;5;99;99;99;99;2;13;20;26;29;36,31;-;4;99;99;99;99;5;3;4;4;5;43;50;1;2;2;1;1;59;101;6;4;1;89;-;
-32.919917188685254;-60.70341156502583;1;8;9;2;4;4;6;4;8;7;99;99;99;99;7;13;19;26;29;31,36,35;-;7;99;99;99;99;4;3;4;4;4;43;49;2;2;2;2;2;99;107;4;3;4;109;-;
-32.92615086090534;-60.698678130397255;1;8;9;2;3;4;4;4;8;4;99;99;99;99;2;14;20;26;29;36;-;7;99;99;99;99;5;4;5;4;6;43;49;2;2;2;1;1;59;101;6;6;1;89;-;
-32.926345834919815;-60.69821444710562;1;8;9;1;1;4;3;4;8;7;99;99;99;99;99;12;18;24;30;36,35;-;99;99;99;99;99;3;2;3;3;4;40;52;2;2;2;2;2;99;67;3;2;3;97;-;
