-32.94439367213576;-60.69962469393319;1;8;9;1;3;5;7;4;5;3;99;99;3;99;2;13;19;24;29;36;-;3;99;99;99;99;4;3;4;4;5;42;52;2;2;2;2;1;59;101;5;5;3;95;-;
-32.94348229022647;-60.6985939771292;1;8;9;2;6;3;1;3;5;2;99;99;99;99;2;13;20;25;29;31,36,35;-;2;99;99;2;2;3;2;3;3;5;42;50;2;2;2;1;2;99;68;5;2;2;87;-;
-32.94007816266614;-60.70683818977008;1;8;9;1;4;5;8;4;5;2;99;99;99;99;2;13;19;24;29;32,31,36,35;-;2;7;99;7;7;4;2;3;3;5;43;52;1;2;2;2;2;99;107;5;5;5;109;-;
-32.94056537143054;-60.71312732418523;1;8;9;1;6;7;1;3;5;5;2;7;3;7;3;13;19;26;29;38,37,36,31;-;4;2;7;2;2;6;4;6;5;6;43;49;1;1;2;1;1;59;105;6;6;2;89;-;
-32.94074065186437;-60.72721317978858;1;8;9;2;5;7;7;4;7;2;2;99;4;3;3;12;17;23;30;,35,34,31,32;-;3;2;2;5;3;6;5;6;6;2;42;51;1;1;2;1;1;61,60;77;1;5;6;88;-;
-32.93401813368385;-60.727277990281266;1;8;9;2;2;5;7;4;5;5;2;1;2;99;3;13;19;26;29;37,38,36,31;-;3;2;7;7;7;5;3;4;4;6;43;50;1;1;2;1;1;59;79;6;6;1;96;-;
-32.931297411804856;-60.72894135623338;1;8;9;2;2;7;6;1;7;2;2;99;7;2;2;13;19;24;30;36,35,34,31,32;-;1;2;2;1;7;1;1;2;2;4;42;52;1;2;2;1;1;61;68;4;4;5;94;-;
-32.924737384588965;-60.728261406311255;1;8;9;1;4;7;7;4;8;2;3;99;4;99;3;12;18;24;30;36,35,34,33,32,31;-;2;2;1;7;3;5;5;5;5;2;42;52;1;1;2;1;1;60,61;77;2;4;6;88;-;
-32.92085083529416;-60.73047674605501;1;8;9;1;2;7;7;4;7;5;2;2;2;2;2;12;19;24;29;38,36,35,32,31;-;2;1;2;2;2;4;5;3;2;5;42;52;1;1;2;1;2;99;68;5;5;3;93;-;
-32.920857942937644;-60.73061681597087;1;8;9;2;2;6;6;3;5;4;2;2;1;7;1;13;19;25;29;36;-;3;2;7;3;2;5;4;4;3;5;43;50;2;2;2;1;1;59;101;6;5;1;89;-;
-32.92039630995684;-60.73394818176987;1;8;9;2;3;4;7;4;8;6;7;99;3;99;2;13;19;26;29;36;-;4;7;99;7;4;6;5;5;5;6;43;50;2;2;2;1;1;59;101;6;6;1;89;-;
-32.92112779909767;-60.71933601217363;1;8;9;1;2;5;5;1;8;2;99;99;99;99;3;13;19;25;29;35,36;-;2;2;99;2;99;2;1;2;2;5;43;50;2;2;2;1;2;99;68;5;5;2;94;-;
-32.94682317719908;-60.70804806744875;1;8;9;1;4;4;8;4;5;2;99;99;99;99;99;12;18;23;30;32,35;-;2;99;99;99;99;3;2;2;2;3;42;52;2;2;1;2;2;99;68;3;7;5;91;-;
-32.95049921799392;-60.71260558680458;1;8;9;1;3;7;7;4;5;4;3;99;3;99;2;13;19;25;29;38,37,36,34,31;-;2;3;7;2;2;4;3;4;4;5;43;52;1;2;2;1;2;99;68;5;4;2;95;-;
-32.95232040259639;-60.71060195085752;1;8;9;2;4;5;7;3;5;2;99;99;99;99;3;13;19;24;29;31,36,32,35;-;4;99;99;99;99;5;4;5;5;4;43;50;2;2;1;1;1;61;78;3;5;6;87;-;
-32.95951606206336;-60.711607885966025;1;8;9;2;2;6;3;3;5;2;99;99;99;99;99;12;18;24;30;31,32;-;99;99;99;99;99;6;6;6;6;5;43;49;2;2;1;2;1;61;78;4;5;6;108;-;
-32.9641122978356;-60.710216508178505;1;8;9;1;4;5;5;4;8;5;99;99;99;99;4;13;19;26;29;36,35,32,31;-;2;99;99;99;99;3;2;2;2;5;44;49;2;2;2;2;2;99;68;4;3;4;109;-;
-32.966393538544764;-60.70884889052196;1;8;9;1;2;4;4;4;5;99;99;99;99;99;3;13;20;25;29;36;-;99;99;99;99;99;99;99;4;4;6;43;50;2;2;2;2;2;99;101;6;7;1;89;-;
