-32.94369833333334;-60.67451666666666;1;1;4;2;5;7;1;4;10;15;99;2;6;2;2;1;99;2;-me gusta como habla, no es negativo;1;20;1;26;37;53;58;64;67;75;2;2;2;1;2;77;-;1;86;90;94;97;99;104;2;114;2;2;2;3;4;125;138;148;-;-;
-32.947630000000004;-60.67556666666666;1;1;4;1;4;7;7;4;11;17;7;99;7;2;99;4;99;7;-;1;20,22;1;26;40;49;59;60;71;72;2;7;6;1;2;77;-;99;86;90;94;95;101;104;2;114;4;2;5;4;5;125;139;149;-341155141420;-;
-32.94959166666667;-60.67748333333334;1;1;4;2;2;5;7;4;10;15;99;7;99;7;7;99;2;7;-;1;22,19,21;1;36;39,40;49;55;61;67;73;2;99;99;2;99;77;-;2;83;90;94;95;99;103;2;114;7;7;7;4;6;125;141;149;-3416485243;-;
-32.947626666666665;-60.678416666666664;1;1;4;2;5;5;2;5;11;15;7;2;7;5;1;3;99;5;-porque pertenece al Kirchnerismo;2;25;1;31;42,40;50;56;62;69;75;5;4;3;1;1;152;-;2;83;87;94;95;99;110;1;120;4;5;2;6;6;126;142;149;-3414306333;-;
-32.945863333333335;-60.67869166666666;1;1;4;2;6;7;1;4;11;15;2;99;99;4;2;5;99;2;-buenas referencias;1;22,21;1;26;,37;49;58;64;71;72;2;7;7;1;2;77;-;1;86;90;94;98;99;103;2;114;2;7;5;5;6;133;142;151;-3414303782;-;
-32.94320666666667;-60.681603333333335;1;1;4;1;5;5;8;5;10;17;7;5;99;2;4;3;99;6;-no coincide con sus ideas;2;25;1;26;45,44;48;54;60;71;72;4;7;5;1;2;77;-;1;86;90;93;95;99;108;2;114;5;4;5;5;6;125;142;146;-341156142679;-;
-32.94218;-60.68409833333333;1;1;4;1;5;7;8;5;12;16;7;7;99;2;3;3;99;3;-agradable y simpático;1;22;1;35;41;50;59;62;71;74;5;5;3;1;2;77;-;2;83;89;93;95;99;105;1;115;5;5;5;2;5;127;141;149;-3414375542;-;
-32.942051666666664;-60.68447166666667;1;1;4;2;1;4;3;5;11;14;99;7;99;2;5;99;99;99;-;1;21,20;1;26;37;48;55;60;67;72;2;7;7;1;2;77;-;2;86;90;93;98;101;104;2;114;4;4;4;3;4;125;137;147;-341153457586;-;
-32.94182;-60.685476666666666;1;1;4;2;1;4;3;4;11;16;99;7;99;99;2;5;99;3;-podría hacer algo por nosotros pero solo con ayuda ;1;22,21;1;26;44,40,39;53;58;62;71;74;5;5;5;2;2;77;-;2;83;90;93;95;100;104;1;120;5;4;4;5;5;124;136;146;-3412639746;-;
-32.94126333333334;-60.688836666666674;1;1;4;1;3;6;8;1;9;15;99;7;99;2;2;4;7;5;-no me agrada el kirchnerismo;2;25;1;26;40;49;56;62;69;72;2;2;2;2;2;77;-;1;86;90;94;95;102;104;1;120;3;3;2;2;6;125;137;147;-3412444512;-;
-32.94121833333334;-60.689544999999995;1;1;4;2;3;4;6;4;10;15;7;99;99;7;2;2;99;7;-;1;21,20;1;26;45,44;50;59;64;71;72;2;3;4;1;2;77;-;1;83;90;91;97;101;104;2;114;2;3;3;2;7;125;141;146;-341153372897;-;
-32.94230166666667;-60.68971333333334;1;1;4;2;2;5;7;4;10;15;99;99;99;7;99;2;99;99;-;2;25;1;26;40;49;55;61;67;73;2;7;7;2;2;77;-;2;83;87;94;98;99;110;1;120;2;3;2;7;6;125;139;149;-341156561111;-;
-32.942933333333336;-60.688734999999994;1;1;4;2;1;6;3;5;11;17;3;5;2;5;5;7;1;2;-unidad ciudadana como mejor oposición al ajuste;1;21;1;32;45,41;51;57;63;69;75;4;5;6;1;1;80;-se montuvo estable y no utilizó chicas aunque no le creo;2;86;89;94;98;99;106;1;116;5;5;6;4;3;125;140;150;-3415867999;-;
-32.94493666666666;-60.68435833333333;1;1;4;1;6;3;1;4;9;15;7;99;2;2;2;5;99;4;-muy peleador sin denotar sus virtudes;1;20;1;31;42,40,44;52;59;60;69;73;2;2;1;1;1;79;-por como habla como explica no pelea, es armonioso en su comunicación;2;83;87;91;97;99;108;1;118;2;2;2;3;6;130;139;149;-3414301063;-;
-32.94674666666666;-60.68112333333333;1;1;4;1;2;6;3;5;12;17;7;7;7;5;6;7;7;2;porque soy peronista y apoyo al frente justicialista;1;22,21,20;1;32;39,41;51;57;63;69;75;5;5;6;1;2;77;-;2;86;90;94;98;99;105;1;115;5;5;6;4;1;127;140;150;-3413030237;-;
