-32.946135;-60.64517333333333;1;1;1;1;2;5;8;4;10;17;4;6;3;2;6;5;1;2;porq nota q esta informado y en la campania mostro algunas miserias del oficialismo local y provincial;2;25;1;27;45,41,39;53;57;62;69;75;5;5;6;1;2;77;-;99;86;90;94;98;99;106;2;114;4;4;6;6;3;131;140;150;3416068888;-;
-32.94728;-60.647861666666664;1;1;1;1;3;6;7;4;11;18;7;5;3;7;3;7;99;99;-;1;23;1;28;39,42,44,40;50;56;62;69;74;5;5;3;2;99;77;-;99;83;87;92;98;99;110;1;120;5;5;3;5;6;126;139;149;3416529433;anita;
-32.94333666666667;-60.64246833333333;1;1;1;1;1;4;3;5;12;17;2;6;2;99;6;5;2;3;lo asocio a los k y el gobierno de Cristina me gusto;1;22;1;30;45,43,41,39;53;58;65;69;75;4;4;6;1;2;77;-;99;86;90;94;96;99;112;2;114;4;3;6;6;2;131;140;150;3415090439;-;
-32.93884166666667;-60.641994999999994;1;1;1;1;2;6;3;4;10;17;5;6;4;5;6;5;2;4;no se no me cierra el tipo;1;24;1;27;39,45,43,41;53;59;65;69;75;5;5;6;1;2;77;-;99;86;90;94;98;102;104;1;116;5;5;6;5;4;133;136;150;-;-;
-32.93880333333333;-60.64281833333333;1;1;1;1;3;5;6;5;9;18;7;6;4;7;4;5;7;7;-;2;25;1;28;38;49;55;61;67;75;5;5;5;2;99;77;-;99;86;90;94;96;101;104;2;114;5;5;5;5;5;125;138;148;3413546555;-;
-32.94039;-60.644088333333336;1;1;1;2;1;5;5;4;10;17;5;5;5;5;5;5;5;5;no creo en ningun politico;1;19,22;2;26;39,40,41;53;59;65;67;73;5;5;5;2;99;77;-;99;84;88;92;98;102;104;2;114;5;5;6;5;6;134;145;151;-;-;
-32.94392333333334;-60.64498833333334;1;1;1;2;6;5;1;4;10;17;99;99;99;99;99;99;99;99;-;2;25;2;27;41;53;55;61;67;75;5;5;5;2;99;77;-;99;85;89;93;95;102;104;2;114;5;5;5;5;6;125;139;149;3412793455;-;
-32.94392333333334;-60.64498833333334;1;1;1;2;2;5;9;4;10;17;3;3;3;3;4;4;2;2;lo vi participar mucho en su campania;1;23;1;26;41,40;53;57;61;67;73;4;4;6;2;99;77;-;99;86;90;94;98;99;112;2;114;4;3;5;5;5;125;139;149;-;-;
-32.942933333333336;-60.653215;1;1;1;1;6;4;1;5;11;17;99;6;7;2;5;5;7;4;no me gustan los peronistas;2;24;1;29;43,45,40,42;48;54;62;69;72;2;1;3;1;2;77;-;99;86;90;91;97;99;108;2;114;2;1;3;5;6;125;138;149;-;-;
-32.941525;-60.654284999999994;1;1;1;2;1;4;3;4;10;16;4;4;1;4;6;5;2;3;-;1;20;1;34;43,40,39,41;53;59;65;69;75;4;4;5;1;1;78;porq comparto su idea politica;1;86;90;94;98;99;103;1;113;4;4;5;5;4;132;138;150;3413696327;-;
-32.938961666666664;-60.65494;1;1;1;2;3;6;2;5;11;18;99;7;7;99;2;2;7;7;-;1;22,20;2;26;37;49;55;61;67;75;2;2;2;2;99;77;-;99;86;90;94;98;101;104;2;114;2;2;2;2;4;134;139;149;3412633242;-;
-32.93625333333333;-60.654318333333336;1;1;1;2;2;7;8;4;10;17;3;6;3;3;6;6;2;1;me identifico con el partido;2;25;1;32;45,41,39;51;57;63;69;75;5;5;6;1;1;81;respondio muy bien todo y se lo vio seguro;2;85;89;94;95;99;105;1;115;4;4;6;5;1;127;140;150;3415961870;-;
-32.93391333333333;-60.65304166666667;1;1;1;1;4;7;7;4;10;15;5;5;5;5;1;5;6;5;porq no me gustan sus propuestas;2;25;1;31;,40,42;50;56;62;69;75;5;5;1;1;2;77;-;99;83;87;94;95;99;110;1;120;5;5;1;5;6;126;139;149;01157332645;anita;
-32.93687833333333;-60.65164333333334;1;1;1;1;4;6;8;4;10;17;7;6;5;7;6;5;3;4;no me cierra;1;22,20;1;33;39,45,41;53;59;64;69;75;5;5;6;2;99;77;-;99;86;90;94;98;99;112;2;114;5;5;6;5;3;125;138;148;3415028030;chino rosua;
-32.93791;-60.64909833333333;1;1;1;1;5;4;1;5;12;18;5;5;5;1;5;5;7;5;no le creo nada;2;24;99;29;,40,42;48;54;60;67;72;2;1;5;2;99;77;-;99;86;90;91;97;99;108;1;118;2;1;4;5;6;130;142;149;2664703474;-;
-32.94023333333334;-60.64976;1;1;1;1;5;5;8;4;10;18;5;5;5;5;6;5;5;5;no creo en los politicos que estan;1;22,19;1;26;37;53;59;65;67;75;5;5;6;2;99;77;-;99;86;90;94;98;102;104;2;122;5;5;6;5;5;134;145;151;3416118091;-;
-32.94023333333334;-60.64976;1;1;1;1;3;4;4;6;12;15;99;99;99;99;5;99;99;99;-;1;23;2;26;37;53;55;61;67;73;5;5;5;2;99;77;-;99;84;88;92;96;99;112;2;114;5;5;5;5;7;125;138;148;3413764147;-;
