-32.99697833333333;-60.64401833333333;1;1;3;1;2;4;7;4;11;16;7;99;99;7;7;7;99;7;-;2;25;1;26;44;53;59;60;71;72;3;4;5;2;99;77;-;99;85;89;93;97;99;112;2;114;4;4;5;4;4;127;140;150;3415808585;-;
-32.99487166666667;-60.64370333333333;1;1;3;2;2;7;7;4;9;15;2;7;7;2;2;1;99;2;x lo que escuche;1;24;1;26;37;52;57;60;68;72;1;1;3;2;99;77;-;99;83;87;91;97;99;112;2;114;2;1;2;3;5;125;141;149;3415075993;-;
-32.996855;-60.638470000000005;1;1;3;2;2;6;8;4;11;17;99;7;3;2;5;3;99;7;-;2;25;1;26;41;48;59;60;66;73;2;2;5;1;2;77;-;99;85;89;91;98;99;103;2;114;3;3;5;5;3;132;141;150;3413772227;-;
-32.99548333333333;-60.632866666666665;1;1;3;1;5;4;7;4;11;14;99;7;7;7;7;7;99;7;-;2;25;1;26;47;53;59;61;71;75;4;4;4;1;2;77;-;99;86;90;93;98;99;104;1;114;4;4;4;3;5;125;137;147;-;-;
-32.99362166666666;-60.630084999999994;1;1;3;2;5;5;8;5;11;17;7;7;7;7;7;1;99;7;-;2;25;1;26;37;51;59;61;67;75;5;5;6;1;2;77;-;99;85;89;93;95;99;107;1;117;5;6;6;4;1;127;141;150;4619790;-;
-32.99351333333333;-60.63662333333333;1;1;3;1;3;7;8;4;10;16;2;7;7;2;7;7;99;2;x comentarios;2;25;1;29;37;52;58;65;67;73;2;3;5;1;2;77;-;99;86;88;92;96;99;110;2;114;4;6;3;7;6;131;139;149;3415827997;-;
-32.99084166666667;-60.63695333333333;1;1;9;1;3;3;7;4;9;15;7;99;7;7;7;2;99;2;le tengo fe sincero;2;25;1;26;37;50;57;60;69;72;2;2;2;1;1;80;no entro en el juego de los otros no ataco;2;83;87;91;97;99;108;1;120;2;2;2;1;5;129;140;150;3416751089;-;
-32.985148333333335;-60.63775166666666;1;1;3;2;4;5;2;4;10;16;7;7;7;3;4;2;99;7;-;2;25;1;26;37;53;58;62;69;75;4;4;3;2;2;77;-;99;83;87;93;95;99;110;1;120;4;3;2;2;4;126;139;149;-;-;
-32.983916666666666;-60.63941333333334;1;1;3;1;4;6;8;4;9;15;7;7;7;7;7;7;99;7;-;2;25;1;26;37;53;59;65;71;75;6;6;3;1;1;152;-;2;84;88;92;96;102;104;99;114;5;6;3;3;6;125;139;149;3416867712;-;
-32.98768;-60.64143166666666;1;1;3;2;4;5;2;5;11;17;7;7;99;99;99;7;99;7;-;1;20;1;26;41;51;57;63;69;75;4;5;5;1;2;77;-;99;85;89;93;95;99;112;1;113;6;4;6;3;2;125;136;150;3413124799;-;
-32.98890166666667;-60.64288;1;1;3;2;5;5;7;4;11;15;3;3;5;1;1;5;7;3;propuestas buenas;1;22;1;29;41,40,44;48;59;60;69;72;1;1;2;1;2;77;-;99;86;90;91;97;99;111;1;118;1;1;1;3;6;130;140;150;3416668234;-;
