-32.975647067596945;-60.667086717911054;1;1;5;1;2;5;7;-los político;1;5;1;4;6;99;1;3;5;6;99;11;20;25;31;35;43;47;56;62;66;72;1;1;73;82;1;88;99;2;99;4;99;5;99;104;6;5;6;6;1;1;110;3412565150;
-32.97625638393268;-60.666222834373556;1;1;5;1;5;5;7;-inseguridad y drogas;3;5;2;5;5;5;5;5;1;5;99;12;18;24;30;36;42;48;56;57;66;72;1;99;81;82;1;93;99;6;99;1;99;6;5;103;5;5;1;5;5;1;108;4340768;
-32.97615418540789;-60.66374449092001;1;1;5;2;3;7;7;-inseguridad;1;5;1;99;3;99;4;4;3;3;99;12;18;23;30;36;42;48;56;62;66;72;1;1;74;82;1;93;99;6;99;3;99;4;99;98;3;3;3;3;6;1;111;-;
-32.9700773546579;-60.66682970757947;1;1;5;2;5;5;7;-inseguridad;3;8;99;99;99;99;99;99;99;99;99;14;20;26;32;38;44;50;56;62;68;69;1;2;81;82;99;87;99;7;99;99;99;99;99;98;2;99;2;5;5;1;111;-;
-32.96929793001975;-60.66681740599351;1;1;5;1;4;5;7;-inseguridad;3;5;1;3;7;99;2;2;2;3;99;11;16;23;32;35;43;48;56;62;66;72;1;2;81;82;1;93;99;3;99;2;99;7;2;98;3;3;3;2;4;1;111;-155691195;
-32.96768828201793;-60.664738668913444;1;1;5;1;6;5;1;-inseguridad;3;5;99;7;7;7;7;7;7;7;99;14;20;26;32;38;44;50;56;62;66;70;1;1;81;85;99;87;99;5;99;2;99;7;99;98;7;4;2;4;6;1;111;-no tiene ;
-32.967451921142114;-60.6639964927471;1;1;5;1;4;4;7;-droga;3;5;2;7;7;7;7;7;7;7;7;14;20;26;32;38;44;49;56;62;66;71;1;1;74;85;99;88;99;5;99;7;99;7;99;100;6;6;4;7;2;1;110;-152130846;
-32.96788962240698;-60.660481572441796;1;1;5;1;3;6;7;el socialismo no se ocupo de los barrios;1;7;1;3;4;1;1;4;6;5;1;11;20;23;29;35;41;47;54;59;66;72;1;1;73;82;1;88;1;1;99;6;1;6;1;104;4;3;6;6;1;1;111;-3416750609;
-32.96500266288976;-60.65906455978185;1;1;5;2;2;7;7;-inseguridad;3;7;99;99;7;4;2;2;2;1;99;12;17;24;32;37;44;48;56;59;63;72;1;2;81;82;1;87;99;3;99;3;99;4;99;102;4;4;3;7;5;1;110;-;
-32.96385395530675;-60.66468132274251;1;1;5;1;5;7;7;-abandinovde los barrios;3;5;1;2;5;7;1;4;6;5;99;11;17;23;29;35;41;47;54;59;66;72;1;1;73;85;1;88;2;1;6;6;99;6;1;104;3;3;6;6;1;1;110;-;
-32.963681541358845;-60.666057584806765;1;1;5;2;5;7;6;-limpieza;3;7;1;99;99;2;2;1;5;3;99;9;15;21;27;33;39;45;56;62;68;69;1;99;81;82;1;91;2;2;99;2;99;7;7;105;1;1;5;4;2;1;110;-;
-32.96550717043949;-60.66696526727965;1;1;5;1;2;7;4;-seguridad;1;5;1;99;2;7;2;2;2;1;99;11;20;21;32;37;43;47;54;59;66;72;1;2;81;82;1;90;99;4;2;2;99;5;7;98;4;4;4;5;5;1;110;-4342449;
