-32.960955;-60.695538333333324;1;1;11;2;5;3;2;inseguridad;3;7;1;1;1;7;1;1;1;2;99;9;19;25;31;37;41;45;51;59;66;69;1;1;75;82;1;91;1;6;7;2;7;7;2;105;1;1;2;6;6;1;110;153390995;
-32.96181;-60.69747;1;1;11;2;2;5;7;inseguridad;3;5;1;99;99;2;1;3;99;2;99;11;20;23;32;35;44;47;54;57;68;69;1;1;80,74;85;99;88;99;6;99;2;99;5;2;105;2;2;1;2;6;1;111;156656364;
-32.96249;-60.698251666666664;1;1;11;2;4;6;8;inseguridad. injusticia en obras publicas;3;7;1;2;7;2;1;1;3;3;99;11;17;23;27;35;41;47;51;59;66;72;1;1;73;82;1;88;1;2;7;2;99;5;2;104;4;2;4;4;3;1;109;4310895 156716939;
-32.963633333333334;-60.6983;1;1;11;1;6;5;1;juventud y robos;3;7;2;7;7;7;7;7;7;2;99;10;20;22;32;38;40;50;52;58;64;69;1;2;81;84;99;90;7;7;99;7;99;7;7;106;2;6;6;6;2;1;110;no tiene;
-32.964635;-60.69607333333333;1;1;11;2;3;5;2;robos y droga;1;5;1;99;7;99;1;7;7;2;99;11;17;23;29;35;41;47;56;59;66;71;1;1;73;82;1;88;7;1;99;3;99;6;4;104;4;3;6;5;1;1;110;156494527;
-32.96458500000001;-60.69731;1;1;11;1;1;4;3;inseguridad;1;5;1;99;99;99;99;99;2;99;99;12;20;24;30;38;42;48;52;62;66;72;2;2;81;85;99;93;99;7;99;7;99;7;99;103;5;7;2;2;6;1;110;4333175;
-32.96459;-60.701518333333325;1;1;11;2;2;6;3;poco acceso a educación de calidad;1;7;1;3;5;5;5;5;5;5;5;12;20;26;32;38;44;48;51;57;66;71;1;1;74;85;99;92;99;5;7;5;2;6;5;106;2;1;3;6;3;1;111;3416379265;
-32.966024999999995;-60.70194166666667;1;1;11;1;2;7;8;drogado;3;5;1;2;4;4;2;3;6;2;2;11;17;23;27;38;41;47;51;59;66;72;1;1;73;82;1;88;99;3;99;5;99;6;4;104;2;2;6;6;1;1;110;152599602;
-32.96599666666667;-60.69833666666667;1;1;11;1;5;5;1;inseguridad;1;7;1;2;6;99;7;7;7;2;99;12;18;24;30;38;42;48;54;59;66;72;1;1;74;82;1;93;7;6;7;1;99;6;7;102;5;5;1;2;6;1;111;152031823;
-32.96792333333334;-60.69381666666666;1;1;11;1;4;4;8;-inseguridad y abandono del barrio;1;5;1;2;7;7;2;99;99;2;99;11;18;23;30;36;41;48;51;59;66;71;1;1;74,80;82;1;93;2;6;99;2;99;6;99;97;4;2;2;2;6;1;111;152792881;
-32.967530000000004;-60.69370166666666;1;1;11;1;4;7;8;inseguridad y droga;1;5;1;7;2;2;1;6;1;1;1;12;17;24;30;35;42;47;54;59;66;71;1;1;79;82;1;93;2;5;2;2;2;4;2;97;5;2;2;2;5;1;111;341155025170;
