-32.944451666666666;-60.69935999999999;1;1;9;2;6;3;1;-Inseguridad;3;5;1;99;99;99;2;7;7;2;99;11;20;23;29;35;41;47;56;59;68;72;1;1;73,77;85;99;88;7;4;99;2;99;4;3;102;4;3;5;2;3;1;111;-;
-32.944451666666666;-60.69935999999999;1;1;9;2;3;5;5;-Inseguridad;3;7;2;99;99;99;3;3;3;3;99;13;20;25;32;38;43;49;55;62;66;72;1;2;81;82;1;93;99;3;99;3;99;3;7;104;4;3;4;3;4;1;110;-;
-32.94454333333333;-60.709156666666665;1;1;9;1;5;5;6;-Pobreza;3;8;2;99;99;3;2;3;5;2;2;14;20;26;32;38;44;50;55;59;66;72;1;1;74,73;82;99;89;99;2;99;5;2;5;2;104;5;4;6;6;2;1;110;-;
-32.939944999999994;-60.711938333333336;1;1;9;2;6;5;1;-Inseguridad;3;5;1;3;99;99;3;3;2;4;99;9;18;23;30;36;43;48;56;62;66;72;1;1;75;82;1;93;7;6;7;4;99;3;7;103;5;5;3;3;6;1;110;-;
-32.927926666666664;-60.71263833333334;1;1;9;2;2;4;4;-Empleo;3;5;2;99;99;99;7;99;7;7;99;14;20;26;32;38;44;50;56;62;68;69;2;2;81;82;1;93;99;7;99;7;99;7;99;102;4;4;5;7;3;1;111;-;
-32.92794166666667;-60.71263999999999;1;1;9;1;2;7;5;-Inseguridad;4;5;1;99;99;99;4;5;5;5;99;14;20;26;32;38;44;50;55;59;66;72;1;2;81;82;99;94;99;4;99;4;99;6;2;99;6;5;5;5;5;1;111;-;
-32.92796;-60.71268;1;1;9;2;4;5;7;-Inseguridad;3;7;1;99;99;99;2;3;4;3;99;11;17;23;29;35;41;47;54;59;66;72;1;1;73;82;1;88;99;2;99;4;99;6;7;104;4;4;6;6;1;1;110;-;
-32.92006;-60.70668166666666;1;1;9;1;3;4;5;-Inseguridad;4;5;1;99;99;99;2;3;4;3;99;11;17;23;29;35;41;47;53;59;68;72;1;2;81;82;1;88;99;3;99;4;99;3;99;104;4;3;5;5;2;1;110;-;
-32.919959999999996;-60.703480000000006;1;1;9;1;4;5;8;-Inseguridad;1;5;1;3;99;99;3;4;2;4;99;11;18;23;30;36;41;47;53;62;66;72;1;1;75;82;1;93;7;6;7;4;99;6;7;103;6;5;3;2;6;1;110;-;
-32.919650000000004;-60.703565;1;1;9;2;4;5;6;-Pobreza;1;7;1;2;2;7;5;1;5;3;7;9;15;21;27;33;39;45;53;59;66;69;1;1;75,73,77;82;1;91;2;4;4;5;3;6;3;105;2;1;5;5;5;1;110;-;
-32.91997;-60.70359666666666;1;1;9;2;2;5;5;-Inseguridad;3;5;1;99;99;99;2;3;4;3;99;11;17;23;29;35;41;47;54;59;66;72;1;1;73;82;1;88;99;2;99;4;99;4;3;104;5;4;6;4;1;1;110;-;
-32.92655833333333;-60.69887833333334;1;1;9;1;2;4;5;-Pobreza;3;7;1;99;99;2;3;99;3;4;99;14;20;26;32;38;44;50;55;62;68;72;1;2;81;85;99;86;99;3;99;3;2;99;7;101;5;4;5;4;3;1;111;-;
-32.92655;-60.698931666666674;1;1;9;2;2;6;5;-Inseguridad;1;5;1;99;99;99;4;4;1;3;99;14;18;26;32;36;44;50;55;59;66;72;1;1;74,75;82;1;93;99;6;7;3;99;5;99;103;6;6;3;3;6;1;111;-;
-32.932095;-60.70009166666667;1;1;9;1;3;5;7;-Inseguridad;3;5;1;99;99;99;3;4;2;4;99;12;18;24;30;36;42;48;55;62;66;72;1;2;81;82;1;93;99;5;99;3;99;5;99;102;5;4;3;4;5;1;110;-;
-32.932853333333334;-60.70007666666667;1;1;9;1;6;5;1;-Inseguridad;3;5;1;7;99;99;2;3;4;5;99;11;17;23;29;35;41;47;51;59;66;69;1;1;77,73;82;1;88;3;3;99;5;99;5;3;104;4;2;6;3;3;1;110;-;
