-32.90257833333333;-60.690445;1;1;8;2;3;7;7;-corrupción;4;7;1;2;4;7;7;3;7;7;7;9;19;22;28;33;39;46;56;59;64;72;1;2;81;82;2;96;7;5;7;2;7;2;7;106;5;2;2;5;5;1;110;-3413703938;
-32.90264166666667;-60.69092666666667;1;1;8;2;3;7;8;-inseguridad;4;7;2;5;3;7;5;2;2;7;7;12;18;24;28;38;44;48;55;59;66;72;1;1;77,75;82;1;93;3;5;7;7;7;5;7;98;5;3;2;4;5;1;110;-3329631213;
-32.902950000000004;-60.69193833333334;1;1;8;1;3;6;7;las políticas que implementan en el centro no llegan a los barrios;4;8;2;5;3;2;5;5;5;7;7;10;20;26;32;38;44;46;55;59;64;72;1;1;,74;82;1;87;2;4;7;5;7;5;3;98;5;5;3;4;5;1;110;-;
-32.90450666666666;-60.692328333333336;1;1;8;1;3;5;3;-inseguridad;4;8;2;7;7;7;4;3;2;7;7;12;16;24;28;38;42;48;56;58;66;72;1;1;75;82;1;93;7;5;7;3;7;7;7;98;4;4;2;2;6;1;110;-3415051653;
-32.90417333333333;-60.69320166666667;1;1;8;1;4;6;8;-inflación;4;7;2;5;6;7;5;3;2;6;99;14;16;24;27;38;42;48;56;59;66;71;1;2;81;82;2;93;5;5;99;3;5;5;7;102;4;3;2;5;5;1;110;-;
-32.90314166666667;-60.69350833333333;1;1;8;1;4;5;6;-inseguridad;4;7;2;7;2;2;5;2;2;7;7;9;16;21;27;37;40;45;56;59;64;69;1;1;77,75;84;2;87;7;5;7;4;2;2;7;98;4;4;2;5;6;1;110;-3413641983;
-32.900525;-60.69432666666667;1;1;8;1;3;3;6;-inseguridad;4;7;1;4;2;2;2;2;2;7;7;12;20;24;28;34;42;48;56;58;66;72;1;1;75,79;82;2;96;7;5;7;2;7;2;2;106;5;2;3;3;5;1;110;-3413307608;
-32.89870333333333;-60.69486;1;1;8;2;4;5;6;-corrupción;4;8;2;7;3;7;5;3;7;7;7;10;20;26;27;33;44;46;55;59;64;72;1;1;75;82;1;87;3;5;7;3;7;3;7;97;4;3;2;2;5;1;110;-3413091050;
-32.89814166666667;-60.694941666666665;1;1;8;2;5;6;6;-educación;4;8;2;5;5;2;2;4;6;6;2;14;20;26;28;38;44;50;52;59;66;72;1;1;73;82;1;89;5;4;7;5;2;5;1;99;5;4;6;6;3;1;110;-3416985530;
-32.898111666666665;-60.69157666666667;1;1;12;1;2;6;3;-gobierno;3;5;2;7;7;99;6;4;99;6;6;10;16;22;32;38;43;50;53;59;66;71;1;1;76,73,78,79,75;82;1;87;5;5;7;5;6;6;5;98;6;6;6;5;5;1;110;-3413065026;
