-32.97496;-60.66890333333334;1;1;11;2;6;3;1;-inseguridad;4;6;99;7;2;99;7;7;7;2;99;10;16;21;28;34;40;50;56;62;66;72;1;1;75;82;1;94;99;6;99;2;99;99;2;103;4;1;2;7;6;1;111;-4538887;
-32.97457;-60.66867666666667;1;1;11;2;5;5;2;-colectivos muy caros y mal servicio;3;5;1;99;99;99;2;99;99;99;99;10;16;22;28;34;40;46;52;58;64;70;2;2;81;85;99;95;99;2;99;2;99;2;99;107;5;99;7;99;3;2;109;-155554920;
-32.974714999999996;-60.66875333333334;1;1;11;1;2;2;5;-policia corrupta;3;6;2;99;99;99;99;99;99;7;99;10;16;22;28;34;40;46;52;58;64;72;1;1;73;82;1;88;99;1;99;99;99;1;99;104;6;6;6;6;1;1;110;-;
-32.974455;-60.668805000000006;1;1;11;1;4;7;7;-inseguridad;3;5;1;3;7;2;4;2;2;4;99;12;20;22;28;36;40;46;56;59;66;69;1;2;81;82;1;93;2;5;2;4;7;7;4;103;2;2;2;4;6;1;111;-;
-32.97468833333333;-60.66877833333333;1;1;11;1;5;5;7;-narcotrafico;1;7;2;7;99;99;7;2;2;5;99;9;16;21;28;37;43;45;55;62;66;69;1;1;78,79;82;1;91;1;6;7;3;5;5;7;105;2;1;3;2;5;1;110;-;
-32.97714666666666;-60.66983666666667;1;1;11;2;1;5;2;-inseguridad;3;5;1;99;99;99;1;99;99;99;99;11;17;22;28;38;40;46;52;62;64;70;2;2;81;82;99;87;99;1;99;99;99;1;99;98;2;2;2;2;2;2;109;-155;
-32.977405;-60.66983666666667;1;1;11;2;1;4;1;-violencia en la calle;4;6;99;99;7;99;99;7;7;99;99;10;16;22;28;34;40;46;52;58;63;72;1;2;81;82;1;87;99;99;99;99;99;99;99;98;5;7;3;7;7;1;111;-3414614618;
-32.977605000000004;-60.669821666666664;1;1;11;2;5;5;8;-inseguridad;3;5;1;99;99;99;99;3;3;7;99;10;16;22;28;37;44;46;52;58;66;72;1;1;75;82;1;91;2;6;4;1;99;3;99;105;2;2;4;2;5;1;110;-;
0;0;1;1;11;2;4;5;4;-mucha pobreza q genera inseguridad;3;8;2;99;99;99;2;99;7;7;99;13;20;26;32;38;44;46;52;59;68;72;1;2;81;82;99;87;99;5;99;5;2;7;99;98;4;3;4;4;5;1;110;-45396471;
-32.9797;-60.67042;1;1;11;1;5;5;8;-narcotráfico droga;4;6;99;99;99;99;5;7;5;5;99;14;20;26;32;38;44;50;52;62;67;72;2;1;75,74,73;84;99;96;5;5;99;6;99;99;99;106;6;6;6;5;6;1;111;-;
-32.97190833333333;-60.66857;1;1;11;1;2;6;3;-inseguridad;3;5;2;99;99;2;99;99;5;99;99;10;16;22;28;34;40;46;54;62;66;70;1;1;73;82;1;86;99;4;5;7;1;99;2;101;4;2;5;5;4;1;110;-;
0;0;1;1;11;2;2;7;7;-ns;3;7;2;3;99;3;3;2;5;7;2;14;16;25;28;37;43;46;56;62;66;69;1;1;73;82;1;91;2;5;5;5;2;5;2;99;2;2;5;5;3;1;111;-3412266649;
