-33.00362399893705;-60.65049710343003;1;1;3;2;4;5;7;inseguridad;3;5;1;99;7;99;7;7;7;7;99;14;18;24;28;34;40;46;56;62;68;70;1;1;75;82;1;93;99;3;99;2;99;5;99;102;3;4;3;4;6;1;110;3412759909;
-33.00453427877357;-60.65187382371207;1;1;3;1;6;7;8;políticos;3;7;1;99;7;7;4;2;2;5;99;14;20;24;31;38;40;48;53;59;66;72;1;1;79;82;1;93;99;6;99;2;99;6;3;98;5;5;2;4;6;1;111;4643738;
-33.006871281996986;-60.64830951578668;1;1;3;1;5;3;1;inseguridad;4;6;99;99;3;99;2;7;99;99;99;12;20;24;31;36;40;48;56;62;68;72;2;2;81;82;1;94;99;7;99;7;99;99;99;102;3;3;3;3;3;1;111;3414654278;
-33.00818777160235;-60.647415526421945;1;1;3;2;4;7;2;educación;1;5;1;7;7;99;3;2;2;99;99;14;15;21;31;37;40;46;56;59;66;69;1;1;79;82;1;87;7;5;99;4;99;5;2;98;2;2;2;2;5;1;111;no ;
-33.00859979672394;-60.644245545526516;1;1;3;2;3;5;5;transito peligroso;3;5;2;7;7;7;2;99;2;2;99;12;18;24;30;36;42;48;56;62;66;72;1;1;75;82;1;93;99;5;99;2;99;3;7;100;5;5;1;5;6;1;110;3414651317;
-33.0058515232582;-60.64484651205035;1;1;3;1;4;3;4;inseguridad;4;6;99;99;99;99;7;7;7;7;99;14;20;26;32;38;44;50;52;62;65;72;2;1;79;84;99;96;99;2;99;7;99;99;99;104;4;4;3;5;5;1;111;3412302132;
-33.000434297234364;-60.643089235563956;1;1;3;1;3;4;5;inseguridad;4;6;99;99;99;99;99;2;2;2;99;9;18;24;27;36;39;47;51;57;63;70;2;2;81;85;99;95;99;1;99;2;99;7;99;107;1;3;3;2;1;1;108;3414658163;
-33.00082366259467;-60.64050275225165;1;1;3;2;2;7;6;inseguridad;1;8;2;3;2;2;1;4;6;3;99;11;17;23;29;35;41;47;54;59;66;72;1;1;73;82;1;88;99;3;99;5;4;4;1;99;4;4;6;4;1;1;110;3416487700;
-33.00478776521465;-60.64003889474732;1;1;3;1;3;3;7;inseguridad;3;5;1;99;7;99;7;7;7;7;99;11;17;23;29;35;41;47;56;59;68;72;1;2;81;84;99;87;99;4;99;7;99;5;7;106;6;6;6;5;1;1;110;3413088998;
-33.007256194640824;-60.63777886290708;1;1;3;1;3;6;8;inseguridad;1;7;2;7;7;7;2;3;6;5;99;11;17;26;29;35;40;47;54;59;66;72;1;1;73;82;1;88;7;2;5;2;3;4;99;104;5;3;6;5;2;1;110;3414615036;
-32.998994715964514;-60.645115285197015;1;1;3;2;3;7;8;inseguridad;3;7;1;99;7;99;99;2;3;4;99;9;15;25;32;33;39;45;56;62;66;72;1;1;75;85;99;91;7;5;99;5;99;7;7;98;4;3;3;3;5;1;110;3413029725;
