-32.98839096255034;-60.646810867960085;1;1;3;1;2;6;8;Inseguridad;3;5;1;3;5;5;6;4;1;2;99;12;18;24;30;36;42;48;51;59;66;72;1;1;79,78,75;82;1;93;6;6;2;6;6;6;5;103;6;6;1;6;6;1;111;3416703211;
-32.98890381889497;-60.647086215623354;1;1;3;2;6;5;1;Limpieza;3;5;99;4;5;5;6;3;1;5;5;12;18;24;30;36;42;48;53;59;66;72;1;1;75;82;1;93;2;6;1;2;99;6;99;103;4;2;1;6;6;1;108;4626887;
-32.985126955821265;-60.65063718781116;1;1;3;2;2;5;2;inflación;1;8;1;2;99;99;2;2;2;2;99;10;19;23;29;33;40;49;52;62;65;69;1;2;81;82;1;87;2;2;99;99;99;7;99;98;2;2;2;2;2;1;109;153741067;
-32.979943359372264;-60.64717198468469;1;1;3;1;2;5;7;Falta de espacios culturales;3;7;2;2;99;2;2;4;6;4;1;11;17;26;29;35;41;47;53;62;66;72;1;1;73;85;99;89;2;2;6;6;2;6;1;98;4;2;6;6;1;1;111;155400067;
-32.98103658698862;-60.6504855778311;1;1;3;1;6;5;7;Inseguridad;3;8;1;3;99;99;4;4;3;3;99;9;16;22;27;34;40;45;52;62;66;69;1;1;75;85;99;87;99;6;99;4;99;2;99;107;6;6;2;4;6;1;111;4819120;
-32.98459186914481;-60.64371984960449;1;1;3;1;2;4;4;inseguridad;4;6;1;99;99;99;99;99;99;99;99;14;20;26;32;38;44;50;52;58;64;72;1;2;81;85;99;95;99;6;99;99;99;99;99;107;6;4;4;4;6;1;110;3413755649;
-32.98748722481494;-60.64236492259638;1;1;3;1;5;3;8;Faltan obras ;3;5;2;7;2;2;2;7;7;2;99;11;17;22;29;35;40;47;52;59;66;72;1;2;81;82;1;88;3;2;99;2;99;6;99;104;3;3;5;4;2;1;110;3413713317;
-32.98923115137465;-60.64557767906802;1;1;3;1;4;5;7;Inseguridad;3;8;2;99;99;99;2;2;99;99;99;11;16;23;28;38;44;47;52;62;68;69;1;2;81;82;1;88;2;5;99;6;99;5;2;106;2;2;6;6;6;1;111;153529699;
-32.99030273341074;-60.64524780238833;1;1;3;2;4;5;8;Inseguridad;1;5;1;7;7;7;3;3;1;5;7;13;19;22;30;35;40;49;52;62;66;72;1;2;81;82;99;87;2;5;99;2;99;3;99;102;4;4;3;6;6;1;111;4649823;
-32.9877326918816;-60.64627923882395;1;1;3;2;3;7;2;Inseguridad;1;5;1;99;5;99;5;5;5;5;5;14;20;26;32;38;44;50;55;59;66;72;1;1;79;82;1;96;99;6;99;3;99;6;5;106;6;6;4;6;6;1;111;2976630;
-32.99050878713358;-60.64250656653668;1;1;3;2;5;7;2;inseguridad;3;8;1;99;99;2;6;2;1;5;99;12;18;26;30;38;44;48;53;59;68;69;1;1;75;82;1;93;99;6;99;5;99;6;99;98;5;2;3;7;6;1;110;156242732;
-32.982631331682185;-60.644857279632845;1;1;3;2;1;4;3;Inseguridad;1;8;2;99;99;99;5;2;2;4;99;10;18;22;30;36;40;46;51;59;66;72;1;1;75;85;99;93;99;5;99;99;99;2;99;106;3;3;3;3;6;1;111;-;
