-32.93787126334737;-60.67118848575974;1;1;4;2;6;5;1;-inseguridad;3;7;1;99;7;99;99;99;99;99;99;12;18;24;30;36;42;47;52;58;66;70;1;1;81;82;1;93;2;6;7;7;7;5;99;102;2;2;1;4;6;1;108;-;
-32.93780855515588;-60.671934034775674;1;1;4;2;2;5;4;-inseguridad falta de educación;4;6;99;7;99;99;99;99;7;7;99;10;16;22;28;34;40;46;52;58;64;70;1;2;81;82;1;87;99;3;99;5;99;6;3;104;5;7;7;5;6;1;111;-;
-32.93619810477586;-60.66884846812107;1;1;4;1;2;5;7;-la gente;1;7;1;99;99;99;7;7;7;1;99;14;20;26;32;38;44;50;55;58;64;69;1;1;74;84;99;90;99;5;99;5;99;6;5;101;6;6;3;5;5;1;110;-3416853439;
-32.94011513128452;-60.66505630071052;1;1;4;2;2;6;3;-buen salario y presupuesto ;2;6;99;7;99;7;99;99;7;99;7;10;16;22;28;34;40;46;52;58;64;69;1;99;81;85;99;89;99;7;99;99;99;7;99;98;7;99;2;7;5;1;109;-3412292519;
-32.94245653843935;-60.66656446880166;1;1;4;2;5;7;6;inseguridad energía mantenimiento clocas pluviales;1;8;99;1;7;99;7;5;5;5;99;10;16;22;28;34;40;46;51;59;66;72;1;2;81;85;99;87;6;6;2;2;99;6;4;103;4;2;2;5;5;1;109;-;
-32.94043973972352;-60.66702179133767;1;1;4;1;2;6;8;-delincuentes;3;7;1;7;7;99;7;2;2;4;99;9;16;25;28;37;40;45;56;59;66;69;1;1;75;85;99;91;99;6;99;2;99;6;7;102;2;3;2;4;6;1;111;-3466500072;
-32.9436696996371;-60.67040393754251;1;1;4;1;6;4;1;-inseguridad;3;7;2;2;2;99;7;99;99;4;99;10;16;22;28;34;40;46;52;58;64;72;1;2;81;85;99;95;2;5;99;2;99;6;99;102;3;3;1;5;6;1;111;-3414306097;
-32.947922574090846;-60.673195097904866;1;1;4;1;5;2;7;-inseguridad;3;5;2;7;7;99;2;99;1;5;99;11;18;25;31;37;43;48;56;62;66;72;1;2;81;82;1;93;7;2;99;2;99;3;2;100;5;5;2;3;6;1;111;-3416741948;
-32.94923097865009;-60.67172566563197;1;1;4;1;2;6;7;-inseguridad;3;7;1;99;7;99;2;2;3;4;99;11;17;25;31;37;43;47;55;57;66;72;1;1;75;82;2;88;99;3;99;7;99;7;4;98;4;4;3;3;6;1;110;-3415037661;
-32.94914496597628;-60.667605247180134;1;1;4;1;2;6;3;-inseguridad;1;7;1;99;7;7;4;99;6;2;3;11;20;26;32;38;44;47;54;59;66;69;1;1;78,73;82;1;88;99;7;99;5;99;4;4;98;4;4;6;4;4;1;110;-34155143118;
-32.947185304886865;-60.671613153629444;1;1;4;2;4;7;7;-inseguridad;3;7;2;99;7;99;3;3;5;4;99;14;20;25;32;37;43;50;55;59;66;72;1;1;73,76,79;82;2;87;7;6;7;4;7;6;3;98;3;3;6;3;6;1;110;-3414374988;
