-32.968506029442054;-60.64343921677648;1;1;2;1;3;6;8;-infraestructura seguridad;1;8;2;99;7;7;2;2;2;5;99;9;18;21;28;35;40;45;54;57;66;70;1;1;75;82;1;93;7;2;2;3;3;5;3;103;2;3;2;4;6;1;111;-3413436513;
-32.97150057430556;-60.64558225624212;1;1;2;1;6;7;1;-inseguridad;3;7;1;7;99;7;7;2;7;7;99;9;15;25;27;33;43;45;54;59;66;69;1;1;75,73;82;1;91;2;5;99;7;99;5;2;105;3;2;4;3;5;1;110;-3414827415;
-32.974518171583654;-60.64416435592444;1;1;2;2;3;7;2;-inseguridad;1;7;1;7;7;7;7;7;7;7;99;11;17;21;28;34;43;47;51;59;64;72;1;2;81;82;2;87;99;4;99;4;99;7;7;98;4;3;4;3;4;1;110;-3416439912;
-32.97699226094359;-60.64766709407343;1;1;2;2;2;6;3;-inseguridad;3;5;2;2;7;99;2;2;3;2;99;11;16;21;28;35;40;47;56;59;66;72;1;2;81;82;2;87;99;2;99;2;99;4;1;98;4;3;4;3;3;1;110;-3414627250;
-32.9804550727979;-60.64553698068071;1;1;2;2;5;6;2;-inseguridad;3;5;2;5;3;99;2;3;5;99;99;11;17;23;29;35;41;47;54;59;66;72;1;1;73;82;1;88;7;2;99;6;5;4;2;104;2;2;6;3;1;1;110;-3416595134;
-32.97931059295532;-60.653117009234904;1;1;2;1;5;3;1;-inseguridad;3;5;1;5;2;7;2;3;99;7;99;12;20;21;27;38;43;50;51;62;66;72;1;1;81;82;1;87;99;5;99;1;99;2;99;98;5;5;5;5;5;1;111;-3413431613;
-32.973513857415625;-60.65481377821772;1;1;2;2;5;7;6;-inseguridad;3;7;1;99;7;2;7;7;99;7;99;10;16;22;28;34;40;46;52;58;64;70;1;1;81;84;99;96;99;5;99;3;99;7;4;98;2;2;3;4;5;1;110;-3415775615;
-32.97230207382431;-60.65605188195116;1;1;2;1;1;4;3;-falta de trabajo inseguridad;3;5;2;7;7;99;2;2;5;2;99;9;15;25;27;34;44;45;54;57;66;69;1;1;79;82;1;91;3;2;5;5;99;5;99;104;5;3;3;4;2;1;110;-3413881604;
-32.96758736604025;-60.652760040527795;1;1;2;1;4;4;6;-inseguridad;1;5;2;7;99;99;2;99;2;99;99;12;18;24;28;33;42;48;53;59;66;72;1;2;81;82;1;91;99;2;99;99;99;7;99;97;2;1;2;2;2;1;109;-3413230230;
-32.96831419316768;-60.64753739434259;1;1;2;1;3;7;7;-inseguridad y mala organización con respecto. obras de transito;1;5;1;99;7;99;99;99;7;7;99;10;16;22;32;34;40;50;52;58;64;70;1;2;81;82;1;87;99;6;99;7;99;7;7;98;4;99;4;6;6;1;111;-3416551002;
