-32.94998573609566;-60.67502323027105;1;1;4;1;2;6;3;inclusi칩n social;4;5;2;99;7;99;7;4;7;7;99;12;16;21;32;35;40;49;53;59;66;72;1;2;80,76;82;1;93;7;7;99;7;99;6;99;106;4;5;3;4;3;1;111;2477336264;
-32.947191546826836;-60.67511490040766;1;1;4;2;4;7;8;inseguridad falta de planificaci칩n urbana falta de control;1;5;2;3;7;7;2;3;6;4;2;11;17;23;29;35;41;47;54;59;66;72;1;1;76,79,73;82;2;88;7;1;5;4;99;6;1;104;4;4;6;6;1;1;110;156864984;
-32.94219983447305;-60.678472364473954;1;1;4;2;2;7;6;inseguridad;3;5;2;7;2;99;7;2;2;5;7;9;20;21;28;37;43;50;56;59;66;72;1;1;75,79,78;82;1;93;99;6;7;2;7;7;4;102;1;5;1;1;6;1;111;4399163;
-32.94066989829853;-60.68024065400297;1;1;4;1;6;4;1;transito cloacas se침alizaciones;3;5;1;99;5;99;7;7;99;7;99;11;20;22;28;38;40;46;52;59;66;72;1;1;75;82;1;93;99;5;99;1;99;7;99;102;3;4;2;5;5;1;111;555;
-32.94377071394407;-60.68043546681376;1;1;4;1;2;6;7;inseguridad;1;5;2;99;7;99;7;7;7;5;99;11;17;23;29;35;41;47;55;58;64;72;2;1;73;82;1;88;99;99;99;7;99;6;7;102;4;3;5;4;6;1;110;153685031;
-32.94380561678766;-60.680413914607485;1;1;4;2;3;6;7;inseguridad;1;7;1;4;5;99;2;99;5;5;99;14;20;25;32;38;43;50;55;58;68;72;1;1;76,73,74;85;1;96;99;5;99;5;99;5;5;106;4;2;6;5;4;1;111;153894781;
-32.94615854923549;-60.685568577016696;1;1;4;1;5;4;1;inseguridad;3;5;1;99;7;99;2;2;99;2;99;11;16;22;28;38;43;47;54;59;66;69;1;1;79,73;82;2;88;3;4;99;4;99;5;7;105;2;4;4;4;3;1;110;153081622;
-32.94325015729483;-60.685747885241646;1;1;4;2;2;6;8;inseguridad;1;5;2;99;99;99;6;99;3;2;99;14;20;26;32;38;44;48;51;59;66;72;1;1;76,74,75;82;1;93;99;5;2;7;99;5;7;103;4;5;2;4;5;1;110;153680026;
-32.943067877045266;-60.6861716363705;1;1;4;1;2;6;3;organizaci칩n;1;5;1;99;99;99;99;7;7;7;99;9;16;21;27;33;39;45;53;59;66;72;1;2;79,78,77;82;1;93;99;6;99;6;99;5;99;97;4;3;3;2;5;1;110;3416432000;
-32.94317640142223;-60.68716784976044;1;1;4;1;4;5;7;inseguridad;3;6;1;99;7;99;99;99;99;7;99;9;16;22;28;37;44;46;56;59;66;69;1;1;75;82;1;93;99;7;7;7;99;7;7;103;2;2;2;3;5;1;110;153946677;
-32.94268594650834;-60.689329823270235;1;1;4;2;6;5;8;inseguridad;3;7;1;2;7;7;7;1;2;2;99;9;15;21;27;33;39;45;53;62;66;69;1;1;79,75;82;1;91;2;6;7;3;99;6;1;105;1;1;2;4;6;1;111;4352395;
-32.94349472831153;-60.68488658460235;1;1;4;2;4;7;8;inseguridad;4;5;1;4;7;99;5;2;3;5;99;9;15;21;27;33;39;45;53;59;66;72;1;2;79;82;1;91;1;6;99;6;99;6;99;105;2;1;6;2;6;1;111;153719535;
-32.94390719428334;-60.68046410272408;1;1;4;1;4;5;7;seguridad;3;7;1;99;99;99;99;99;99;7;99;9;18;21;27;36;42;45;54;60;63;72;1;1;75;82;1;91;99;4;99;4;99;6;99;97;1;99;1;4;6;1;110;3416448783;
-32.94259806597641;-60.67835500642992;1;1;4;1;5;5;8;inseguridad gobierno municipal;3;5;2;4;5;2;2;5;6;5;2;11;17;23;29;35;41;46;54;59;66;72;1;1;77,73,74;82;2;88;5;5;5;5;2;6;2;99;5;6;6;3;4;1;110;3415663900;
-32.94349454515785;-60.67863178806251;1;1;4;1;5;7;7;inseguridad;3;7;1;2;2;2;1;1;1;2;99;11;17;23;28;35;41;47;56;62;66;72;1;1;77,73;82;1;88;2;5;3;3;99;6;2;97;4;4;4;2;5;1;110;4200900;
-32.94349515756693;-60.678716508651924;1;1;4;1;4;6;8;inseguridad;3;7;1;99;7;99;2;2;6;3;99;9;16;22;29;38;40;45;55;59;66;70;1;1;76,77,73;82;1;88;99;2;99;2;99;7;99;104;2;2;6;4;2;1;110;3412091885;
-32.947048450735956;-60.67763010550212;1;1;4;2;4;6;8;inseguridad;1;5;2;7;99;99;7;7;7;7;99;13;16;26;28;38;44;48;53;58;66;71;1;1;74;82;2;96;99;7;99;3;99;6;6;102;6;6;6;5;6;1;111;4302524;
